-0.837888,0.307303,-1.10116,-0.334811,-1.67631,-0.904755,-0.639486,0.00399449
0,0,0.145089,0.296161,0,0.18607,0,0
0,0,0.184084,0.3128,0,0.187066,0,0
0,0,0.171878,0.310141,-1.1774,0.152704,0.354932,0
0,0,0.174184,0.307963,-1.26838,0.1442,0.341812,0
0,0,0.0978185,0.317905,-1.08452,0.150872,0.351165,0
0,0,0,0,0,0,0,0
0,0,0.144143,0.304972,-1.06722,0.150844,0.339858,0
0,0,0.157216,0.149479,-1.15251,0.103533,0.335391,0
0,0,0.0811973,0.167342,0,0.149249,0,0
0,0,0.134812,0.208366,0,0.143014,0,0
0,0,0.159669,0.145317,0,0.162383,0,0
0,0,0.111003,0.142576,0,0.147736,0,0
0,0,0.173922,0.176379,0,0.130545,0,0
0,0,0.154686,0.298626,0,0.124632,0,0
0,0,0.161866,0.23454,0,0.0840939,0,0
0,0,0.148303,0.320366,-1.01341,0.0519039,0.358508,0
0,0,0.168345,0.288686,-1.07153,0.115728,0.321102,0
0,0,0.161264,0.276773,-1.06556,0.128044,0.361363,0
0,0,0.166048,0.320642,-1.17631,0.0903749,0.22765,0
0,0,0.159857,0.230805,-1.1585,0.124093,0.337005,0
0,0,0.150465,0.324231,-1.22959,0.129505,0.35018,0
0,0,0.155094,0.291857,-1.25242,0.117868,0,0
0,0,0.15237,0.292836,-1.17344,0.0628294,0,0
0,0,0.180914,0.323026,-1.16682,0.158001,0,0
0,0,0.166053,0.297782,-1.14047,0.126969,0,0
0,0,0.0677565,0.307196,-1.1303,0.0719105,0,0
0,0,0.156157,0.270812,0,0.105244,0,0
0,0,0.160511,0.207764,0,0.11269,0,0
0,0,0.167404,0.302091,-1.18303,0.104535,0.363767,0
0,0,0.085157,0.292796,-1.15836,0.175605,0.367839,0
0,0,0.140333,0.302994,-1.13665,0.129239,0.357975,0
0,0,0.168364,0.323451,-1.26223,0.101069,0.347429,0
0,0,0.161826,0.222398,-1.10673,0.072935,0.357146,0
0,0,0.0574977,0.195128,-1.16864,0.10843,0.362701,0
0,0,0.141837,0.200654,0,0.123352,0,0
0,0,0.174811,0.212659,0,0.0770624,0,0
0,0,0.17277,0.230397,0,0.0702084,0,0
0,0,0.175273,0.170848,0,0.128488,0,0
0,0,0.0817128,0.144496,-0.772752,0.109876,0,0
0,0,0.184997,0.338686,-0.753409,0.0871196,0,0
0,0,0.0308317,0.311084,-0.769377,0.112476,0,0
0,0,0.14322,0.346011,-0.966294,0.0229885,0.343648,0
0,0,0.0703054,0.291421,-0.915237,0.0983815,0.378109,0
0,0,0.173012,0.316682,-0.99161,0.0908263,0.381368,0
0,0,0.20494,0.285475,-1.10957,0.0543946,0.371966,0.286846
0,0,0.176379,0.380677,-1.22284,0.100151,0.344335,0.404348
0,0,0.204371,0.181425,-1.18131,0,0.30067,0.295797
0,0,0.194572,0.267403,0,0,0.215567,0.381706
0,0,0.208012,0.234386,0,0.0323913,0.206798,0.25707
0,0,0,0.205208,0,0.0348187,0.21317,0.335541
0,0,0.0347447,0.270096,0,0.0140667,0,0.339042
0,0,-0.295091,0.14289,0,-0.0428577,0,0.416124
0,0,-0.252094,0.0802467,0,0.0248027,0,0.269655
0,0,-0.350087,0.0993957,0,-0.0183522,0,0.284652
0,0,-0.286188,0.111583,-0.793118,-0.030108,0,0.324638
0,0,-0.357421,0.143627,-0.868751,0,0,0.319857
0,0,0,0,0,0,0,0
0,0.319906,0,0,0,0,0,0
0,0,0.175022,0.151551,0,0.158654,0,0
0,0,0.153411,0.291756,0,0.148398,0,0
0,0,0.151043,0.29295,-1.0537,0.158165,0.34893,0
0,0,0.181683,0.29844,-1.11242,0.161472,0.35096,0
0,0,0.152018,0.281675,-1.00835,0.145844,0.300048,0
0,0,0,0,0,0,0,0
0,0,0.183367,0.29227,-1.15759,0.139802,0.323271,0
0,0,0.142728,0.0417562,-1.08969,0.115476,0.359077,0
0,0,0.156978,0.168138,0,0.162752,0,0
0,0,0.118871,0.200212,0,0.175389,0,0
0,0,0.14688,0.243936,0,0.152026,0,0
0,0,0.104539,0.0655907,0,0.132271,0,0
0,0,0.098532,0.0314446,0,0.13047,0,0
0,0,0.127149,0.285321,0,0.161905,0,0
0,0,0.166062,0.230918,0,0.125528,0,0
0,0,0.0661124,0.320722,-1.07535,0.118606,0.340767,0
0,0,0.170993,0.288281,-1.0487,0.15811,0.334235,0
0,0,0.169506,0.281857,-1.14054,0.128337,0.343628,0
0,0,0.0621033,0.297421,-1.04971,0.135725,0.352664,0
0,0,0.15938,0.272809,-1.05321,0.138429,0.29774,0
0,0,0.156099,0.316198,-1.18579,0.151305,0.336901,0
0,0,0.162997,0.300339,-1.10501,0.0538754,0,0
0,0,0.159812,0.31096,-1.11239,0.125068,0,0
0,0,0.0782777,0.328664,-1.11202,0.0975838,0,0
0,0,0.185394,0.278903,-1.07918,0.0507673,0,0
0,0,0.151878,0.274511,-1.14116,0.139049,0,0
0,0,0.153819,0.279067,0,0.149281,0,0
0,0,0.15404,0.302552,0,0.138812,0,0
0,0,0.16277,0.189819,-1.14764,0.142917,0.361497,0
0,0,0.137997,0.297326,-1.1298,0.0614968,0.34869,0
0,0,0.080344,0.213579,-1.06048,0.142919,0.350677,0
0,0,0.168565,0.311815,-1.10512,0.110068,0.297397,0
0,0,0.170144,0.300818,-0.983931,0.147949,0.336724,0
0,0,0.163524,0.138856,-1.09966,0.0430981,0.355063,0
0,0,0.162661,0.220329,0,0.130481,0,0
0,0,0.159814,0.239614,0,0.0827608,0,0
0,0,0.171125,-0.0125765,0,0.103701,0,0
0,0,0.147657,0.19627,0,0.157496,0,0
0,0,0.00885224,0.272062,-0.815927,0.0622022,0,0
0,0,0.163414,0.300928,-0.764747,0.0724566,0,0
0,0,0.129579,0.295807,-0.785847,0.0830709,0,0
0,0,0.144352,0.31319,-0.853583,0.0563593,0.364047,0
0,0,0.155185,0.311457,-1.02068,0.0573753,0.350926,0
0,0,0.190303,0.30611,-0.879571,0,0.361691,0
0,0,0.201308,0.256221,-1.07,0.094344,0.344178,0.27286
0,0,0.187508,0.17985,-1.04559,0.0904029,0.267437,0.368471
0,0,0.196765,0.161035,-1.14248,0.0354114,0.337651,0.192204
0,0,0.204141,0.205552,0,0.0547402,0.209111,0.241791
0,0,0.19067,0.121483,0,0.0614486,0.206998,0.19917
0,0,0,0.120828,0,0,0.221693,0.323343
0,0,-0.0356715,0.244058,0,-0.0224494,0,0.166758
0,0,-0.302639,0.225296,0,0.00551657,0,0.29832
0,0,-0.302075,0.0561414,0,-0.00877293,0,0.246414
0,0,-0.302364,0.0472937,0,-0.00871855,0,0.112101
0,0,-0.299732,0.0248,-0.910055,-0.000292011,0,0.259064
0,0,-0.230169,0.159002,-0.819434,0,0,0.0665054
0,0,0,0,0,0,0,0
0,0.298153,0,0,0,0,0,0
0,0,0.0215538,0.312213,0,0.161167,0,0
0,0,0.17005,0.301342,0,0.16489,0,0
0,0,0.160757,0.286989,-1.10368,0.100343,0.366883,0
0,0,0.0840607,0.283645,-1.16054,0.138776,0.345079,0
0,0,0.150606,0.282398,-1.15025,0.178414,0.348835,0
0,0,0,0,0,0,0,0
0,0,0.161322,0.297522,-1.05661,0.135852,0.345838,0
0,0,0.160304,0.0804085,-1.12074,0.153465,0.352228,0
0,0,0.0873377,0.198736,0,0.155704,0,0
0,0,0.144049,-0.055679,0,0.1388,0,0
0,0,0.149712,0.147523,0,0.116936,0,0
0,0,0.14659,0.0993952,0,0.0835207,0,0
0,0,0.0786654,0.184907,0,0.170943,0,0
0,0,0.160538,0.288914,0,0.146818,0,0
0,0,0.145978,0.302582,0,0.163431,0,0
0,0,0.123996,0.298131,-1.13468,0.134802,0.279527,0
0,0,0.121194,0.258001,-1.16518,0.114979,0.229407,0
0,0,0.175486,0.294065,-1.08215,0.138562,0.274904,0
0,0,0.173932,0.262241,-1.04738,0.140137,0.320571,0
0,0,0.170152,0.285189,-1.16827,0.143831,0.331878,0
0,0,0.156866,0.265014,-1.1764,0.152438,0.327076,0
0,0,0.147333,0.197903,-1.03832,0.130849,0,0
0,0,0.163825,0.328187,-1.07071,0.0640261,0,0
0,0,0.153672,0.282669,-1.18711,0.116261,0,0
0,0,0.15723,0.283294,-1.10611,0.155179,0,0
0,0,0.159046,0.309551,-1.06299,0.114742,0,0
0,0,0.160732,0.240147,0,0.0911208,0,0
0,0,0.176086,0.319675,0,0.128855,0,0
0,0,0.110514,0.285475,-1.04183,0.0320812,0.33036,0
0,0,0.149871,0.260942,-1.06423,0.0732219,0.354103,0
0,0,0.161522,0.318396,-1.03712,0.164579,0.325151,0
0,0,0.156531,0.20826,-1.13935,0.137653,0.347621,0
0,0,0.0929927,0.298887,-1.04118,0.110984,0.337919,0
0,0,0.148287,0.290317,-1.19021,0.0255144,0.351576,0
0,0,0.162025,0.186106,0,0.078161,0,0
0,0,0.0777549,0.110385,0,0.142216,0,0
0,0,0.167777,0.205202,0,0.0869182,0,0
0,0,0.16196,0.202622,0,0.100709,0,0
0,0,0.177286,0.227311,-0.764512,0.103201,0,0
0,0,0.131713,0.319479,-0.788271,0.0666903,0,0
0,0,0.0986652,0.286775,-0.765142,0.115867,0,0
0,0,0.176688,0.320804,-0.945516,0.0690644,0.337798,0
0,0,0.182567,0.335128,-0.948724,0.0788939,0.37247,0
0,0,0.169558,0.339666,-0.92505,0,0.380682,0
0,0,0.174562,0.251179,-1.13099,0.147744,0.381348,0.160852
0,0,0.0980128,0.261531,-1.05173,0,0.314258,0.281413
0,0,0.166532,0.26871,-1.0925,0,0.23081,0.150941
0,0,0.179171,0.243481,0,0.0325454,0.185641,0.213587
0,0,0.188651,0.194372,0,0.0384297,0.194123,0.215498
0,0,0,0.105166,0,0.0304387,0.245365,0.148648
0,0,0.0562998,0.155806,0,-0.0214467,0,0.262523
0,0,-0.337078,0.0441565,0,-0.042244,0,0.252085
0,0,-0.29373,0.163362,0,-0.0451857,0,0.191105
0,0,-0.288203,0.120345,0,-0.0297085,0,0.279197
0,0,-0.310301,0.0697709,-0.844131,0.061494,0,0.15602
0,0,-0.305536,0.10938,-0.899907,0,0,0.189972
0,0,0,0,0,0,0,0
0,0.272504,0,0,0,0,0,0
0,0,0.0649312,0.287165,0,0.155651,0,0
0,0,0.114378,0.235043,0,0.17197,0,0
0,0,0.161104,0.298846,-1.14554,0.116524,0.334226,0
0,0,0.114185,0.309062,-1.03257,0.159571,0.291811,0
0,0,0.0863173,0.254346,-1.07332,0.166735,0.352436,0
0,0,0,0,0,0,0,0
0,0,0.14596,0.290867,-1.08317,0.118082,0.331959,0
0,0,0.163869,0.243166,-1.09939,0.176547,0.358717,0
0,0,0.145531,0.103786,0,0.171827,0,0
0,0,0.065464,-0.0921339,0,0.0907104,0,0
0,0,0.162582,0.166942,0,0.162917,0,0
0,0,0.165741,-0.0138181,0,0.11874,0,0
0,0,0.0915206,0.0373862,0,0.102532,0,0
0,0,0.166179,0.277742,0,0.141844,0,0
0,0,0.161525,0.216399,0,0.158952,0,0
0,0,0.148641,0.303495,-1.12039,0.112195,0.356726,0
0,0,0.167613,0.206699,-1.10414,0.133867,0.35654,0
0,0,0.158027,0.217042,-1.09717,0.122738,0.342982,0
0,0,0.068037,0.300203,-1.15881,0.117331,0.257159,0
0,0,0.169398,0.213761,-1.15066,0.169939,0.355204,0
0,0,0.139815,0.225277,-1.06716,0.100281,0.365242,0
0,0,0.163782,0.315027,-1.12507,0.149457,0,0
0,0,0.161589,0.312621,-1.104,0.0320654,0,0
0,0,0.156829,0.326627,-1.10516,0.133781,0,0
0,0,0.180658,0.27243,-1.093,0.153777,0,0
0,0,0.108754,0.313582,-1.06726,0.119094,0,0
0,0,0.181111,0.298738,0,0.128459,0,0
0,0,0.159494,0.324432,0,0.134426,0,0
0,0,0.176935,0.278194,-1.12999,0.0908272,0.337615,0
0,0,0.0928189,0.285465,-1.12152,0.135889,0.339939,0
0,0,0.173536,0.298368,-1.17187,0.0826336,0.332238,0
0,0,0.151007,0.293338,-1.17596,0,0.339638,0
0,0,0.1595,0.287823,-1.13053,0.0622301,0.356225,0
0,0,0.158951,0.213431,-1.09712,0.111113,0.349686,0
0,0,0.16383,0.218616,0,0.129131,0,0
0,0,0.153359,0.103141,0,0.136227,0,0
0,0,0.00143557,0.203101,0,0.103123,0,0
0,0,0.17526,0.173109,0,0.111273,0,0
0,0,0.17689,0.196677,-0.790854,-0.0788981,0,0
0,0,0.173275,0.278826,-0.801463,0.167529,0,0
0,0,0.178672,0.324426,-0.749524,0.117679,0,0
0,0,0.11585,0.342237,-0.941109,0.0738987,0.37693,0
0,0,0.146989,0.31546,-1.11314,0.133457,0.34725,0
0,0,0.176692,0.297697,-0.934,0.0456249,0.37888,0
0,0,0.113126,0.267508,-1.19886,0.0923327,0.37874,0.263872
0,0,0.186709,0.23395,-1.11584,0,0.367649,0.219191
0,0,0.191149,0.17851,-1.04844,0.0853921,0.229025,0.271151
0,0,0.188912,0.228893,0,0.0323119,0.263832,0.320286
0,0,0.202271,0.257086,0,0.0290533,0.236252,0.234914
0,0,0,0.148521,0,0,0.199696,0.233868
0,0,0.093658,0.23732,0,-0.015202,0,0.116795
0,0,-0.255383,0.00479366,0,-0.0406095,0,0.344158
0,0,-0.308296,0.129084,0,-0.00186131,0,0.263342
0,0,-0.348569,0.0776026,0,-0.00523219,0,0.494585
0,0,-0.267984,0.141019,-0.851339,-0.00132974,0,0.424394
0,0,-0.250466,0.392747,-0.937781,0,0,0.290889
0,0,0,0,0,0,0,0
