-2.73092,0.20382,-2.39663,-2.07356,-3.16024,-2.44433,-2.19647,-0.684386
0,0,-0.00480549,0.272383,0,0.141066,0,0
0,0,-0.00150797,0.226246,0,0.130038,0,0
0,0,0.119705,0.299746,-1.67711,0.1411,0.292312,0
0,0,0.0554403,0.302945,-1.84166,0.119783,0.304588,0
0,0,0.0974195,0.281187,-1.86088,0.109686,-0.0711386,0
0,0,0,0,0,0,0,0
0,0,0.111187,0.280168,-1.9285,0.0805111,0.312367,0
0,0,0.0937074,0.0172765,-1.94053,-0.131822,0.287992,0
0,0,0.0638055,0.0512283,0,0.110435,0,0
0,0,0.115354,0.162107,0,0.0487377,0,0
0,0,0.133463,0.0205914,0,0.0972152,0,0
0,0,0.0378066,0.199921,0,0.107603,0,0
0,0,-0.136352,-0.123022,0,0.0910607,0,0
0,0,-0.158228,0.12634,0,0.134092,0,0
0,0,0.0509221,-0.0309105,0,0.0987875,0,0
0,0,0.138873,0.26552,-1.50585,0.0894746,0.300396,0
0,0,0.123682,0.192127,-1.5136,0.091586,0.320977,0
0,0,0.00794879,0.0231911,-1.64829,0.106744,0.267297,0
0,0,0.100885,0.207409,-1.80106,0.0764203,0.260599,0
0,0,0.0174138,0.289678,-1.85348,0.100297,0.243111,0
0,0,0.0377454,0.237082,-1.85529,-0.0560607,0.208379,0
0,0,0.066582,0.25488,-1.84138,0.110566,0,0
0,0,-0.470998,0.0839336,-1.61887,0.127613,0,0
0,0,0.0286434,-0.0379642,-1.54093,0.0903536,0,0
0,0,0.102914,0.229156,-1.7559,0.0659226,0,0
0,0,-0.0936368,0.272227,-1.59963,0.0505868,0,0
0,0,0.0634746,0.283123,0,0.0496917,0,0
0,0,0.129625,0.226133,0,0.0925788,0,0
0,0,0.0864611,0.193207,-1.60616,0.111298,0.241727,0
0,0,0.048148,0.264687,-1.58559,0.105047,0.290647,0
0,0,0.132099,0.190032,-1.57134,0.107049,0.140718,0
0,0,0.0793295,0.233494,-1.5663,-0.168888,0.318388,0
0,0,0.106624,0.154285,-1.39696,0.116921,0.311712,0
0,0,0.106768,0.202199,-1.63818,-0.131382,0.29171,0
0,0,0.0983657,0.112098,0,0.139556,0,0
0,0,0.111555,-0.256373,0,0.0221563,0,0
0,0,-0.352259,0.0109543,0,0.0941282,0,0
0,0,-0.134757,-0.159689,0,0.0983995,0,0
0,0,0.0853173,-0.15874,-0.927135,0.0427873,0,0
0,0,0.0769726,0.185867,-0.927055,0.0669412,0,0
0,0,0.071686,0.0970967,-0.86199,0.0841073,0,0
0,0,0.0422743,0.21518,-1.33449,0.0749994,0.181555,0
0,0,-0.192335,-0.110679,-1.6049,-0.0742246,0.244091,0
0,0,-0.129448,0.220889,-1.30797,0.0596517,0.0190781,0
0,0,0.055412,0.111343,-1.83718,-0.00137814,0.232654,-0.117609
0,0,0.0598043,-0.156113,-1.74309,-0.0530022,-0.0238392,0.141581
0,0,0.0380693,-0.0587414,-1.50898,0.0434203,-0.0683642,-0.0387649
0,0,-0.245296,-0.123372,-0.563295,0.0341736,-0.0702807,-0.278552
0,0,0.0231433,-0.521517,-0.690435,-0.219475,-0.199464,-0.151132
0,0,0,-0.327704,-0.303117,-0.0243944,-0.129214,-0.4598
0,0,-0.454191,-0.338534,-0.450917,-0.226762,0,-0.118442
0,0,-1.72254,-0.271443,0,-0.542095,0,-0.278266
0,0,-1.48074,-0.263885,0,-0.410843,0,-0.284247
0,0,-1.52945,-0.0855276,0,-0.670479,0,-0.148538
0,0,-1.2745,-0.342177,-1.28226,-0.37544,0,-0.168173
0,0,-1.515,-0.372381,-1.09274,0,0,-0.0380167
0,0,0,0,0,0,0,0
-1.97949,0.240431,0,0,0,0,0,0
0,0,-0.0535313,0.203864,0,0.05725,0,0
0,0,0.121688,0.205162,0,0.163024,0,0
0,0,0.126399,0.227786,-1.18197,0.125698,0.237782,0
0,0,0.0779965,-0.211372,-1.38469,0.096243,0.0225357,0
0,0,-0.0273112,0.171441,-1.59931,0.126321,0.321656,0
0,0,0,0,0,0,0,0
0,0,0.0198283,0.246903,-1.76303,0.0646671,0.228166,0
0,0,0.106812,0.00946962,-1.77379,-0.0219016,0.248781,0
0,0,0.126035,-0.255554,0,0.107443,0,0
0,0,0.125129,-0.255459,0,0.05587,0,0
0,0,0.129849,-0.21101,0,-0.00356268,0,0
0,0,0.0143308,-0.14029,0,0.000491996,0,0
0,0,-0.102245,0.0842021,0,0.118871,0,0
0,0,-0.0377119,0.191027,0,-0.0466381,0,0
0,0,-0.0233781,0.255802,0,0.0659453,0,0
0,0,0.0451225,0.225274,-1.3447,0.106464,0.20623,0
0,0,0.0114329,0.284057,-1.51008,0.0620449,0.219507,0
0,0,0.100994,0.0514266,-1.30853,0.116409,0.301969,0
0,0,0.113419,0.261595,-1.35032,0.106201,0.300067,0
0,0,0.0147032,0.216613,-1.70172,0.0576968,0.0797739,0
0,0,0.0910667,0.269583,-1.43968,0.00403369,0.231328,0
0,0,0.0310097,0.235149,-1.55607,-0.0745431,0,0
0,0,0.151754,0.206498,-1.38616,0.079782,0,0
0,0,0.139368,0.232623,-1.73842,0.110609,0,0
0,0,0.0713216,0.264667,-1.6836,0.155555,0,0
0,0,0.111799,0.202871,-1.61622,0.086871,0,0
0,0,0.128538,0.201403,0,0.129627,0,0
0,0,0.136231,0.245477,0,0.136455,0,0
0,0,0.138517,0.252881,-1.21386,0.146404,0.305303,0
0,0,0.137075,0.227611,-1.3844,0.116349,0.265593,0
0,0,-0.245565,0.284639,-1.82054,0.0803839,0.306537,0
0,0,0.102405,-0.0543543,-1.91668,0.040603,0.320964,0
0,0,0.123456,0.244215,-1.68822,-0.0157709,0.192487,0
0,0,0.102409,-0.076723,-1.67109,0.111659,0.307791,0
0,0,0.0830633,-0.00401568,0,0.105855,0,0
0,0,-0.10941,-0.0496899,0,0.0816928,0,0
0,0,0.0961462,-0.0128897,0,0.0775928,0,0
0,0,0.112315,-0.195623,0,-0.0796035,0,0
0,0,0.101959,-0.117967,-1.03021,-0.0137347,0,0
0,0,0.0942092,0.203315,-0.926533,0.0781797,0,0
0,0,0.0350018,0.167472,-0.986717,0.038071,0,0
0,0,0.0699554,0.172599,-1.21327,0.0988967,0.263673,0
0,0,0.0534238,0.219227,-1.31065,0.0298709,0.208341,0
0,0,0.039654,0.0561737,-1.34699,0.0332082,0.234244,0
0,0,-0.0732796,0.108552,-1.70062,-0.0768251,0.107653,-0.384212
0,0,-0.0838234,0.110146,-1.62208,-0.0227636,0.00250106,-0.378762
0,0,0.0403897,-0.0177238,-1.54365,0.0518511,0.133202,-0.330664
0,0,-0.0298275,-0.0879599,-0.680118,-0.288545,-0.0829055,-0.306616
0,0,0.0563627,-0.259283,-0.671075,0.0046719,-0.118056,-0.119857
0,0,0,-0.299172,-0.141707,-0.0197472,-0.166993,-0.233303
0,0,-0.293592,-0.213586,-0.839784,-0.454265,0,-0.123705
0,0,-1.21406,-0.391782,0,-0.314228,0,-0.0902371
0,0,-1.85572,-0.217421,0,-0.351053,0,-0.336029
0,0,-1.36242,-0.450369,0,-0.316217,0,-0.312927
0,0,-1.27154,-0.268885,-1.28351,-0.418418,0,-0.280721
0,0,-1.39004,-0.430277,-1.33333,0,0,-0.280925
0,0,0,0,0,0,0,0
-1.98399,0.288131,0,0,0,0,0,0
0,0,0.118158,0.195255,0,0.143738,0,0
0,0,-0.0366218,0.176459,0,0.130754,0,0
0,0,0.111147,0.18369,-1.67647,0.185319,0.0506974,0
0,0,0.0364089,0.193756,-1.64407,0.125979,0.27623,0
0,0,0.0984604,0.227173,-1.49318,0.113815,0.251889,0
0,0,0,0,0,0,0,0
0,0,0.131919,0.274998,-1.80195,0.0735855,0.128265,0
0,0,-0.124691,-0.43578,-1.46261,0.135583,0.276024,0
0,0,0.0272864,0.0468672,0,0.104313,0,0
0,0,0.11157,0.00794189,0,0.120732,0,0
0,0,0.0673927,0.155383,0,-0.0401265,0,0
0,0,0.0627814,-0.0676432,0,0.162702,0,0
0,0,0.129728,-0.0117201,0,0.12439,0,0
0,0,0.00724635,-0.01679,0,0.0394365,0,0
0,0,0.121597,0.172045,0,0.150193,0,0
0,0,0.0551065,0.283554,-1.86707,0.154772,0.201632,0
0,0,0.0138399,0.240857,-1.46652,0.0938695,0.292905,0
0,0,0.085228,0.257178,-1.7908,0.0522275,0.329746,0
0,0,-0.111022,0.275866,-1.63274,0.0959303,0.2862,0
0,0,-0.151564,0.182476,-1.62733,0.104089,0.244364,0
0,0,0.100275,0.240394,-1.45397,0.0801295,0.229931,0
0,0,0.0962806,0.233631,-1.61354,0.0567989,0,0
0,0,-0.113276,0.222463,-1.69777,0.101925,0,0
0,0,-0.0974157,0.290974,-1.5807,0.092338,0,0
0,0,0.152925,0.281553,-1.41468,0.161325,0,0
0,0,0.1121,0.245336,-1.61292,0.0760326,0,0
0,0,0.0989985,0.291066,0,0.033706,0,0
0,0,0.158241,0.259356,0,0.0862476,0,0
0,0,0.125334,0.14055,-1.57803,0.117269,0.279631,0
0,0,0.142347,0.243627,-1.72604,0.0950248,0.307513,0
0,0,0.0984292,0.257668,-1.74262,0.0665902,0.263047,0
0,0,0.035264,0.21549,-1.49195,0.128653,0.300382,0
0,0,0.0547477,0.228668,-1.58676,0.1216,0.254874,0
0,0,0.0648337,0.135771,-1.73374,0.108632,0.206719,0
0,0,0.0248598,0.0774204,0,0.080329,0,0
0,0,0.0820312,0.117201,0,0.0609973,0,0
0,0,0.00269496,0.115829,0,-0.188268,0,0
0,0,-0.105744,0.152222,0,0.0815604,0,0
0,0,-0.124139,-0.524486,-0.930659,-0.225758,0,0
0,0,0.112154,-0.0082953,-0.835924,0.10389,0,0
0,0,0.0359349,-0.172504,-0.994411,0.0801056,0,0
0,0,0.0174871,0.235431,-1.40667,0.0875107,0.261484,0
0,0,0.0318097,0.195165,-1.2745,0.00686543,0.165146,0
0,0,-0.0214016,0.195167,-1.51157,0.02259,0.226101,0
0,0,-0.0655357,-0.0842394,-1.5032,-0.0228177,0.202663,-0.0675558
0,0,0.0344233,0.155811,-1.7032,0.0487774,-0.0423901,-0.147258
0,0,0.0115267,-0.184275,-1.75375,-0.00442695,0.126199,-0.2674
0,0,0.0272494,-0.252332,-0.159491,-0.0403756,-0.258199,-0.203362
0,0,-0.0385206,-0.135596,0,-0.0251475,-0.0759699,-0.213402
0,0,0,-0.311373,-0.720948,-0.00189697,0.00743685,-0.166508
0,0,-0.510394,-0.239101,0,-0.682899,0,-0.389958
0,0,-1.52751,-0.381301,0,-0.314707,0,-0.253674
0,0,-1.31014,-0.587945,0,-0.295014,0,-0.337049
0,0,-1.14008,-0.12008,0,-0.482229,0,-0.140399
0,0,-1.73829,-0.378527,-1.1465,-0.3766,0,-0.367522
0,0,-1.31593,-0.709898,-1.17213,0,0,-0.266144
0,0,0,0,0,0,0,0
-1.99486,0.243057,0,0,0,0,0,0
0,0,0.144844,0.300243,0,0.12519,0,0
0,0,0.121981,0.281178,0,0.149251,0,0
0,0,0.108004,-0.194152,-1.4141,0.122303,0.228955,0
0,0,0.106081,0.251885,-1.32219,0.142536,0.262416,0
0,0,0.124247,0.270775,-1.35746,0.111689,0.321564,0
0,0,0,0,0,0,0,0
0,0,0.151171,0.284038,-1.674,0.0419495,0.32985,0
0,0,0.128048,0.0715366,-1.80476,0.106657,0.32568,0
0,0,0.102206,0.0366461,0,-0.129064,0,0
0,0,0.112809,0.103334,0,0.0758156,0,0
0,0,0.104544,0.201059,0,-0.0182547,0,0
0,0,0.138087,-0.0709622,0,0.0558147,0,0
0,0,0.117797,0.08204,0,0.00835646,0,0
0,0,0.0988148,0.253095,0,0.131394,0,0
0,0,0.155796,0.261207,0,0.102656,0,0
0,0,0.0782994,0.167743,-1.811,0.129303,0.233491,0
0,0,0.0319038,0.164318,-1.75609,0.0838963,0.314864,0
0,0,0.141825,0.0538968,-1.4914,0.0781072,0.30729,0
0,0,0.0947194,0.277733,-1.53704,0.114297,0.318647,0
0,0,-0.0365682,0.260606,-1.7111,0.122823,0.244097,0
0,0,0.105479,0.221616,-1.62174,0.0768909,0.33394,0
0,0,0.104966,0.186593,-1.66177,0.136375,0,0
0,0,0.0741661,0.220411,-1.5834,0.0490135,0,0
0,0,0.123507,0.280332,-1.69338,0.136779,0,0
0,0,-0.206326,0.275957,-1.35196,0.10279,0,0
0,0,0.111433,0.30178,-1.60689,0.105059,0,0
0,0,-0.0873932,0.127939,0,0.100607,0,0
0,0,0.139879,0.122578,0,-0.00996068,0,0
0,0,0.165774,0.26734,-1.58608,0.0658034,0.252002,0
0,0,-0.0990087,0.264811,-1.54483,0.0911582,0.316903,0
0,0,0.0970485,0.271674,-1.76939,0.0378947,0.294872,0
0,0,0.0955703,0.258273,-1.6926,0.0804021,0.303223,0
0,0,0.122532,0.233132,-1.63719,0.104202,0.323833,0
0,0,0.0977473,-0.078251,-1.80423,0.0683097,0.322561,0
0,0,0.122031,0.0253341,0,0.0931124,0,0
0,0,0.107552,-0.471717,0,0.102507,0,0
0,0,0.117562,0.0695412,0,0.120613,0,0
0,0,0.108024,0.0765534,0,0.0286798,0,0
0,0,0.101068,0.0586142,-1.0003,-0.0335744,0,0
0,0,0.0524477,0.229831,-0.933099,0.106678,0,0
0,0,0.0245309,0.212789,-0.98507,-0.230203,0,0
0,0,0.104352,0.254029,-1.14542,0.0208237,0.213266,0
0,0,0.0487686,0.0787014,-1.23054,0.0782776,0.263004,0
0,0,0.0660997,0.156375,-1.31396,-0.432123,0.244829,0
0,0,0.0490686,-0.196998,-1.46577,0.00959636,0.21105,-0.323559
0,0,-0.044695,-0.00750076,-1.83399,0.052723,0.0747084,-0.366108
0,0,-0.0281874,-0.168154,-1.65424,0.0468741,0.0650921,-0.221787
0,0,0.0357897,-0.110622,-0.271495,0.0425177,-0.131757,-0.0183564
0,0,-0.0633519,0.0276274,-0.273329,-0.0350593,-0.260277,-0.227611
0,0,0,-0.40991,-0.736252,-0.00400888,-0.200251,0.153515
0,0,-0.43671,-0.25591,-0.614529,-0.390151,0,-0.0690161
0,0,-1.18402,-0.254605,0,-0.452452,0,-0.220344
0,0,-1.44763,-0.188351,0,-0.248526,0,-0.193858
0,0,-1.73956,-0.251038,0,-0.591108,0,-0.118745
0,0,-1.78546,-0.172484,-1.21737,-0.380536,0,-0.396526
0,0,-0.99337,-0.239505,-1.34852,0,0,-0.273031
0,0,0,0,0,0,0,0
